20.24580897721184
39.848597704643915
56.7449638097815
74.75778113456406
92.34446347660293
109.58910981631959
126.35131192198615
142.78846268415364
158.95141608347438
174.77286175026876
190.28141329407057
7.061751896915548
4.2011674148890314
3.0939902399576034
3.313926156370265
2.7383160348479976
2.1310492210449605
1.7642011733382188
1.8620548365148082
1.7064582893340539
1.7916188363002281
1.8768165138445052
1.9620162139036954
1.8239408918996356
1.8996931452498658
1.7870156415952558
1.6739006922834718
1.586291711479595
1.5288071005633952
1.4704315337141702
1.5193093323601223
1.4594342238160405
1.4119906287473094
1.3691812323011066
1.4093801598041962
1.3693139792911986
1.336370330499099
1.3724459720370494
1.408506658213105
1.4445919996292689
1.4806828436294095
1.5167640311103685
1.55285660280124
1.588951242054797
1.6250415238917644
1.661130159741452
1.6972231855129334
1.7333101567082512
1.7693988029731798
1.7163265766936422
1.6712136189092537
1.6299239424704137
1.5935847625220607
1.5523720315810885
1.5810707995188937
1.5445447106722248
1.5720887017028398
1.5996427399962718
1.627197022143987
1.6547428588479411
1.682259000006023
1.7097165966243073
1.7372735503976955
1.7648307794222664
1.7923893619852205
1.8199495188049035
1.847508162674676
1.875064556025084
1.9026177831556734
1.9301700775491755
1.9576379276950107
1.985135243411597
1.942280425612785
1.9688484520182303
1.9953884146890843
2.0219663774706866
2.048544001605337
2.0750924898528704
2.025385143760651
2.0509775602508773
2.0765907139565267
2.1021702906633823
2.1277850809107512
2.1533770990407413
2.101469159348299
2.1261580117847023
2.150818721947932
2.0959075905937823
2.0523120035414117
2.0069924042709526
2.0292230881495494
2.0515013344866406
2.011356766110598
2.032963680550315
2.054569670266113
2.006572145814474
1.9706034332051912
1.9351618888815152
1.9548930320627975
1.9179649191138861
1.8890947284509993
1.854613026803148
1.8286126204295838
1.8462904300599006
1.8143100336320694
1.8315599609418787
1.8488088962079685
1.8660707563573968
1.8833085746458311
1.9005703110202432
1.9178297679303102
1.9350896579119454
1.9523465030614398
1.969605358729645
1.986832274138349
2.0040906924782274
1.973429110094378
1.9432211526395804
1.9596454337164424
1.976100318408713
1.9925546313400166
2.0090059736729473
2.025455764891068
