20.24580897721184
39.848597704643915
56.7449638097815
74.75778113456406
92.34446347660293
109.58910981631959
126.35131192198615
142.78846268415364
158.95141608347438
174.77286175026876
190.28141329407057
7.061751896915548
4.2011674148890314
3.0939902399576034
3.313926156370265
2.7383160348479976
2.1310492210449605
1.7642011733382188
1.8620548365148082
1.7064582893340539
1.7916188363002281
1.8768165138445052
1.9620162139036954
1.8239408918996356
1.8996931452498658
1.7870156415952558
1.6739006922834718
1.586291711479595
1.5288071005633952
1.4704315337141702
1.5193093323601223
1.4594342238160405
1.4119906287473094
1.3691812323011066
1.4093801598041962
1.3693139792911986
1.336370330499099
1.3724459720370494
1.408506658213105
1.4445919996292689
1.4806828436294095
1.5167640311103685
1.55285660280124
1.588951242054797
1.6250415238917644
1.661130159741452
1.6972231855129334
1.7333101567082512
1.7693988029731798
1.7163265766936422
1.6712136189092537
1.6299239424704137
1.5935847625220607
1.5523720315810885
1.5810707995188937
1.5445447106722248
1.5720887017028398
1.5996427399962718
1.627197022143987
1.6547428588479411
1.682259000006023
1.7097165966243073
1.7372735503976955
1.7648307794222664
1.7923893619852205
1.8199495188049035
1.847508162674676
1.875064556025084
1.9026177831556734
1.9301700775491755
1.9576379276950107
1.985135243411597
1.942280425612785
1.9688484520182303
1.9953884146890843
2.0219663774706866
2.048544001605337
2.0750924898528704
2.025385143760651
2.0509775602508773
2.0765907139565267
2.1021702906633823
2.1277850809107512
2.1533770990407413
2.101469159348299
2.1261580117847023
2.150818721947932
2.0959075905937823
2.0523120035414117
2.0069924042709526
2.0292230881495494
2.0515013344866406
2.011356766110598
2.032963680550315
2.054569670266113
2.006572145814474
1.9706034332051912
1.9351618888815152
1.9548930320627975
1.9179649191138861
1.8890947284509993
1.854613026803148
1.8286126204295838
1.8462904300599006
1.8143100336320694
1.8315599609418787
1.8488088962079685
1.8660707563573968
1.8833085746458311
1.9005703110202432
1.9178297679303102
1.9350896579119454
1.9523465030614398
1.969605358729645
1.986832274138349
2.0040906924782274
1.973429110094378
1.9432211526395804
1.9596454337164424
1.976100318408713
1.9925546313400166
2.0090059736729473
2.025455764891068
127100.12121212122
524288.0
466033.77777777775
466033.77777777775
466033.77777777775
322638.76923076925
524288.0
524288.0
246723.76470588235
349525.3333333333
524288.0
199728.7619047619
322638.76923076925
322638.76923076925
524288.0
466033.77777777775
322638.76923076925
322638.76923076925
466033.77777777775
349525.3333333333
524288.0
322638.76923076925
322638.76923076925
466033.77777777775
466033.77777777775
524288.0
322638.76923076925
322638.76923076925
524288.0
524288.0
246723.76470588235
322638.76923076925
466033.77777777775
524288.0
322638.76923076925
349525.3333333333
322638.76923076925
246723.76470588235
349525.3333333333
322638.76923076925
524288.0
322638.76923076925
524288.0
349525.3333333333
524288.0
466033.77777777775
349525.3333333333
524288.0
466033.77777777775
524288.0
349525.3333333333
524288.0
322638.76923076925
262144.0
139810.13333333333
0.6049342848699363
246723.76470588235
322638.76923076925
246723.76470588235
246723.76470588235
199728.7619047619
123361.88235294117
167772.16
167772.16
246723.76470588235
322638.76923076925
246723.76470588235
349525.3333333333
262144.0
246723.76470588235
349525.3333333333
322638.76923076925
167772.16
199728.7619047619
161319.38461538462
524288.0
322638.76923076925
246723.76470588235
199728.7619047619
246723.76470588235
262144.0
199728.7619047619
262144.0
246723.76470588235
246723.76470588235
349525.3333333333
322638.76923076925
199728.7619047619
246723.76470588235
246723.76470588235
246723.76470588235
524288.0
62601.55223880597
246723.76470588235
524288.0
199728.7619047619
199728.7619047619
199728.7619047619
349525.3333333333
349525.3333333333
199728.7619047619
199728.7619047619
67650.06451612903
167772.16
123361.88235294117
199728.7619047619
199728.7619047619
167772.16
167772.16
349525.3333333333
127100.12121212122
139810.13333333333
349525.3333333333
322638.76923076925
349525.3333333333
524288.0
199728.7619047619
322638.76923076925
3597.173241852487
466033.77777777775
466033.77777777775
466033.77777777775
349525.3333333333
349525.3333333333
0.651885450548576
139810.13333333333
199728.7619047619
0.7060371395078097
0.6938734455979121
0.7005719586749293
199728.7619047619
322638.76923076925
524288.0
246723.76470588235
349525.3333333333
349525.3333333333
349525.3333333333
466033.77777777775
0.7114115611095384
2000.144969003338
1119.9743658210948
1602.7145586549484
2241.7445216461783
2164.2435500515994
2227.458311205523
1669.7070063694268
311.6124814264487
1166.7048678720446
1042.840377921432
0.5920683553648953
0.6748156739599075
0.6723461963256074
2216.862579281184
0.7151147664076595
0.6626958358099676
0.6621481566730429
2015.5233061028352
0.40971279105058317
1721.0931473122691
1945.4100185528757
1971.9341795956746
0.637772234802384
1831.5737991266376
0.7182669409834235
0.710388707230298
0.6401490581455582
0.7398217501001879
0.6637426548921282
2061.0830466830466
0.7205077476454211
0.7490968268743745
0.6718577827897377
1233.2561011467214
0.6883287984166631
0.6517214594581409
139810.13333333333
139810.13333333333
99864.38095238095
199728.7619047619
199728.7619047619
262144.0
199728.7619047619
246723.76470588235
199728.7619047619
199728.7619047619
246723.76470588235
199728.7619047619
0.7036416941739201
0.7062046373437315
0.7214538529190532
0.7271368107393478
0.706034287145586
1726.7616303005352
0.7007311367210465
199728.7619047619
246723.76470588235
246723.76470588235
349525.3333333333
246723.76470588235
262144.0
246723.76470588235
322638.76923076925
246723.76470588235
246723.76470588235
199728.7619047619
349525.3333333333
246723.76470588235
322638.76923076925
349525.3333333333
2385.838452787258
0.7065420138828644
127100.12121212122
1280.3125763125763
246723.76470588235
246723.76470588235
1020.2636828022379
0.7170628063195427
144631.1724137931
199728.7619047619
1567.3781763826607
167772.16
199728.7619047619
0.6757601428370267
123361.88235294117
91180.52173913043
0.7193224932853522
0.5806465724538749
0.6962731171568086
1534.1272860277982
246723.76470588235
0.6717188735158875
123361.88235294117
167772.16
0.6434542859939328
0.6685563624371241
0.7071696817832198
110376.42105263157
0.7563701624400889
0.6995770984332377
0.6633842544806824
0.713447320139767
1442.829033367733
0.7061677786235239
167772.16
199728.7619047619
262144.0
1933.7501152604887
199728.7619047619
199728.7619047619
167772.16
199728.7619047619
246723.76470588235
199728.7619047619
199728.7619047619
0.7707907291291468
0.7002487923503782
2159.7857878475797
246723.76470588235
246723.76470588235
262144.0
246723.76470588235
199728.7619047619
0.7133354467666511
144631.1724137931
199728.7619047619
0.7122314594660315
0.7119703173690852
0.7240945632795343
144631.1724137931
466033.77777777775
167772.16
199728.7619047619
199728.7619047619
139810.13333333333
246723.76470588235
199728.7619047619
199728.7619047619
0.7425916624367033
144631.1724137931
0.7088120721178375
62601.55223880597
0.7306321182040155
2197.1210057621793
246723.76470588235
349525.3333333333
199728.7619047619
322638.76923076925
349525.3333333333
246723.76470588235
349525.3333333333
349525.3333333333
322638.76923076925
0.7100921258285501
167772.16
246723.76470588235
2659.6727964489537
349525.3333333333
246723.76470588235
322638.76923076925
349525.3333333333
322638.76923076925
246723.76470588235
322638.76923076925
349525.3333333333
322638.76923076925
524288.0
466033.77777777775
0.6242633920764183
0.6013673592165414
0.6577056455248601
0.7113964782829484
1965.4657919400188
349525.3333333333
322638.76923076925
0.7102565018727974
83886.08
77672.29629629629
209715.2
1508.1999280834232
99864.38095238095
127100.12121212122
167772.16
1837.9947414548642
2036.0699029126213
0.6725048814800064
246723.76470588235
246723.76470588235
0.7062664735154955
0.6728587429522593
0.7288874306790362
1443.3255333792154
83886.08
246723.76470588235
0.7331093381117738
139810.13333333333
199728.7619047619
99864.38095238095
262144.0
99864.38095238095
139810.13333333333
524288.0
199728.7619047619
0.7432701623114204
139810.13333333333
144631.1724137931
123361.88235294117
246723.76470588235
246723.76470588235
322638.76923076925
144631.1724137931
246723.76470588235
199728.7619047619
0.6631765721157784
139810.13333333333
199728.7619047619
161319.38461538462
199728.7619047619
246723.76470588235
246723.76470588235
246723.76470588235
199728.7619047619
246723.76470588235
161319.38461538462
127100.12121212122
161319.38461538462
167772.16
199728.7619047619
199728.7619047619
322638.76923076925
262144.0
0.7122694377385097
123361.88235294117
349525.3333333333
246723.76470588235
246723.76470588235
322638.76923076925
0.6632205102126817
0.5973708756232666
0.6962401771515648
71089.89830508475
262144.0
71089.89830508475
139810.13333333333
199728.7619047619
123361.88235294117
199728.7619047619
199728.7619047619
0.71816338830749
110376.42105263157
123361.88235294117
262144.0
0.697095314310027
0.6578107561985622
167772.16
2439.9674229203024
2786.9129568106314
262144.0
246723.76470588235
0.6680427924139793
82241.25490196078
123361.88235294117
167772.16
167772.16
246723.76470588235
199728.7619047619
123361.88235294117
144631.1724137931
199728.7619047619
1559.8006693938266
1602.7145586549484
322638.76923076925
349525.3333333333
0.6752413200993052
167772.16
322638.76923076925
246723.76470588235
161319.38461538462
262144.0
0.7325926660807281
0.6373165720384477
0.6852676499996733
1331.5250793650794
322638.76923076925
322638.76923076925
349525.3333333333
246723.76470588235
349525.3333333333
524288.0
524288.0
322638.76923076925
524288.0
0.7165860039062554
123361.88235294117
0.6855649191422201
0.718183432397451
0.7531652104552727
1356.9407958589454
167772.16
139810.13333333333
167772.16
139810.13333333333
167772.16
199728.7619047619
139810.13333333333
167772.16
167772.16
199728.7619047619
199728.7619047619
0.6640935566219056
0.7044832895540628
0.674943268001286
0.6818700418033748
2457.120093731693
0.6828791772439601
199728.7619047619
246723.76470588235
246723.76470588235
123361.88235294117
322638.76923076925
246723.76470588235
349525.3333333333
199728.7619047619
246723.76470588235
349525.3333333333
466033.77777777775
0.6147687411726839
110376.42105263157
0.6490257118726578
83886.08
123361.88235294117
199728.7619047619
144631.1724137931
123361.88235294117
99864.38095238095
199728.7619047619
167772.16
167772.16
246723.76470588235
199728.7619047619
167772.16
0.639647947670403
199728.7619047619
0.6716493866399179
0.6889344677644251
2398.1154945683247
0.6556968642640156
199728.7619047619
246723.76470588235
110376.42105263157
167772.16
199728.7619047619
199728.7619047619
199728.7619047619
199728.7619047619
139810.13333333333
7584.636528028933
199728.7619047619
199728.7619047619
144631.1724137931
262144.0
466033.77777777775
0.496155018160276
0.5749121794144271
0.6785420718170327
0.5963330874621028
0.6831039465855991
2178.859220779221
322638.76923076925
262144.0
66576.25396825396
77672.29629629629
167772.16
199728.7619047619
38479.85321100918
50533.78313253012
144631.1724137931
199728.7619047619
199728.7619047619
246723.76470588235
110376.42105263157
262144.0
55188.21052631579
83886.08
0.641607641461248
0.6772585192914264
0.7063673372740408
113359.56756756757
1077.3963524274338
262144.0
199728.7619047619
167772.16
110376.42105263157
167772.16
144631.1724137931
167772.16
0.6267815991814473
123361.88235294117
199728.7619047619
0.6379430580505879
0.6363501334888136
0.6158765399468452
0.6380350553098574
0.6512124887105731
0.6628916925492834
199728.7619047619
349525.3333333333
322638.76923076925
0.5701595447427936
0.6579583185222392
76260.07272727272
91180.52173913043
123361.88235294117
1543.158204562178
199728.7619047619
199728.7619047619
199728.7619047619
144631.1724137931
199728.7619047619
246723.76470588235
139810.13333333333
246723.76470588235
322638.76923076925
322638.76923076925
349525.3333333333
246723.76470588235
0.598715267859985
0.6289027492033951
77672.29629629629
0.6839150565363045
199728.7619047619
199728.7619047619
167772.16
144631.1724137931
246723.76470588235
199728.7619047619
322638.76923076925
199728.7619047619
246723.76470588235
199728.7619047619
349525.3333333333
0.6245148225904915
0.6686225460908024
0.6330491711037772
0.6477355453788175
66576.25396825396
91180.52173913043
161319.38461538462
161319.38461538462
0.662967343084601
99864.38095238095
82241.25490196078
0.7280161228088415
0.704746427292041
199728.7619047619
1683.107544141252
322638.76923076925
524288.0
262144.0
144631.1724137931
0.6859214443012955
0.6867339783100135
231.15480848718656
167772.16
0.6871955132694979
139810.13333333333
246723.76470588235
262144.0
99864.38095238095
199728.7619047619
262144.0
167772.16
82241.25490196078
76260.07272727272
246723.76470588235
139810.13333333333
246723.76470588235
76260.07272727272
127100.12121212122
110376.42105263157
123361.88235294117
0.6150841008617886
0.6222728761062013
2438.5488372093023
199728.7619047619
199728.7619047619
66576.25396825396
66576.25396825396
49932.19047619047
76260.07272727272
199728.7619047619
0.6856947051988044
0.645346540899373
0.6192284093331656
0.6296333769771442
1426.634013605442
55188.21052631579
0.7174506450600928
199728.7619047619
199728.7619047619
199728.7619047619
322638.76923076925
246723.76470588235
246723.76470588235
322638.76923076925
2193.673640167364
524288.0
0.6882119027089201
0.6969670835703331
0.6550436343947009
0.6908854371279698
0.6583400172342619
55188.21052631579
0.696264910758721
199728.7619047619
322638.76923076925
1770.4955677501055
199728.7619047619
246723.76470588235
127100.12121212122
199728.7619047619
199728.7619047619
199728.7619047619
199728.7619047619
0.6224352192663721
0.6984834980662369
0.6720732003555929
0.6024906023880399
0.7304714072694227
62601.55223880597
349525.3333333333
246723.76470588235
199728.7619047619
167772.16
199728.7619047619
246723.76470588235
246723.76470588235
199728.7619047619
167772.16
199728.7619047619
199728.7619047619
246723.76470588235
199728.7619047619
99864.38095238095
110376.42105263157
0.7061164206296977
66576.25396825396
77672.29629629629
199728.7619047619
199728.7619047619
199728.7619047619
199728.7619047619
113359.56756756757
199728.7619047619
246723.76470588235
199728.7619047619
71089.89830508475
167772.16
322638.76923076925
349525.3333333333
199728.7619047619
246723.76470588235
246723.76470588235
322638.76923076925
110376.42105263157
167772.16
0.6939794121126535
1035.3749691434214
55188.21052631579
127100.12121212122
199728.7619047619
110376.42105263157
199728.7619047619
246723.76470588235
246723.76470588235
199728.7619047619
199728.7619047619
246723.76470588235
524288.0
322638.76923076925
524288.0
2277.0380021715528
0.6141205571546814
0.7448056942075044
0.718011188111117
0.6476071307586768
99864.38095238095
1315.6537013801756
0.6729099110488483
123361.88235294117
322638.76923076925
246723.76470588235
167772.16
349525.3333333333
349525.3333333333
524288.0
524288.0
322638.76923076925
199728.7619047619
322638.76923076925
246723.76470588235
0.7177488618926422
0.673470570714503
91180.52173913043
144631.1724137931
110376.42105263157
1886.7764282501125
524288.0
322638.76923076925
262144.0
144631.1724137931
246723.76470588235
246723.76470588235
262144.0
246723.76470588235
199728.7619047619
246723.76470588235
0.6034751838458784
0.6802022619870067
52428.8
82241.25490196078
83886.08
62601.55223880597
262144.0
139810.13333333333
144631.1724137931
123361.88235294117
123361.88235294117
127100.12121212122
167772.16
246723.76470588235
161319.38461538462
349525.3333333333
322638.76923076925
0.6412171541439133
76260.07272727272
139810.13333333333
91180.52173913043
110376.42105263157
524288.0
349525.3333333333
246723.76470588235
262144.0
322638.76923076925
349525.3333333333
349525.3333333333
322638.76923076925
262144.0
349525.3333333333
466033.77777777775
262144.0
0.623019172121898
0.6494590556119012
1103.7642105263158
322638.76923076925
349525.3333333333
110376.42105263157
246723.76470588235
322638.76923076925
0.7169857055993825
127100.12121212122
144631.1724137931
0.677383319328525
0.6362007160303831
0.6932673151788918
91180.52173913043
246723.76470588235
199728.7619047619
123361.88235294117
322638.76923076925
322638.76923076925
246723.76470588235
349525.3333333333
349525.3333333333
144631.1724137931
246723.76470588235
199728.7619047619
246723.76470588235
199728.7619047619
246723.76470588235
0.6308611005908367
0.6445242383632546
91180.52173913043
139810.13333333333
322638.76923076925
83886.08
199728.7619047619
199728.7619047619
246723.76470588235
524288.0
127100.12121212122
322638.76923076925
322638.76923076925
246723.76470588235
161319.38461538462
322638.76923076925
0.6854394387713579
0.6849756723878295
199728.7619047619
83886.08
0.6435184560113216
144631.1724137931
199728.7619047619
199728.7619047619
199728.7619047619
167772.16
110376.42105263157
110376.42105263157
167772.16
246723.76470588235
246723.76470588235
161319.38461538462
123361.88235294117
113359.56756756757
144631.1724137931
127100.12121212122
199728.7619047619
144631.1724137931
0.6681022762732407
0.6646497261410578
0.6818193862282141
1841.2221246707638
322638.76923076925
524288.0
167772.16
322638.76923076925
349525.3333333333
246723.76470588235
349525.3333333333
322638.76923076925
161319.38461538462
322638.76923076925
167772.16
0.6574259610827023
0.6779904745524682
0.6544446977360258
0.6730502854399318
89240.51063829787
322638.76923076925
466033.77777777775
144631.1724137931
199728.7619047619
0.6155978608570808
199728.7619047619
0.3099802488752575
123361.88235294117
209715.2
349525.3333333333
0.677444368873219
0.6936828332888718
0.6810893196729124
55924.05333333334
0.6590597969350441
246723.76470588235
246723.76470588235
322638.76923076925
246723.76470588235
322638.76923076925
349525.3333333333
466033.77777777775
349525.3333333333
167772.16
349525.3333333333
0.6058883631206854
0.6773681133580747
43690.666666666664
76260.07272727272
0.6701496798805258
262144.0
199728.7619047619
99864.38095238095
0.6408695391757737
0.6500260286024818
0.6341548525961422
0.6185745323862386
102300.09756097561
1283.8396082032446
1560.3809523809523
322638.76923076925
349525.3333333333
0.5087598234534865
0.6697462541878063
62601.55223880597
2003.9675107501193
0.6834639300108053
113359.56756756757
72315.58620689655
139810.13333333333
127100.12121212122
59074.704225352114
72315.58620689655
127100.12121212122
110376.42105263157
127100.12121212122
144631.1724137931
123361.88235294117
127100.12121212122
0.6956739811080318
0.663507456878305
0.7128629809755521
0.6990005716257002
71089.89830508475
349525.3333333333
110376.42105263157
110376.42105263157
0.7141979724309595
91180.52173913043
199728.7619047619
199728.7619047619
246723.76470588235
246723.76470588235
322638.76923076925
246723.76470588235
167772.16
246723.76470588235
0.6427098631191572
0.673649261681563
82241.25490196078
199728.7619047619
246723.76470588235
144631.1724137931
144631.1724137931
199728.7619047619
144631.1724137931
0.6734954433162349
167772.16
199728.7619047619
91180.52173913043
0.6926915275466129
39945.752380952385
167772.16
524288.0
322638.76923076925
167772.16
322638.76923076925
0.7090579561305147
1615.6795069337443
0.6306899705308389
0.6605115774846443
0.5641697976897079
53092.45569620253
167772.16
66576.25396825396
35848.75213675214
0.6756396405161744
62601.55223880597
199728.7619047619
167772.16
199728.7619047619
199728.7619047619
246723.76470588235
99864.38095238095
167772.16
349525.3333333333
322638.76923076925
246723.76470588235
0.6920607378707161
0.693442336198935
0.6643300121880041
110376.42105263157
167772.16
0.6930650107017411
167772.16
199728.7619047619
127100.12121212122
99864.38095238095
123361.88235294117
167772.16
167772.16
144631.1724137931
0.6485778016599852
0.6023693776111193
0.6216523578910705
0.6689916455475325
83886.08
1487.8694572543454
246723.76470588235
246723.76470588235
262144.0
322638.76923076925
524288.0
524288.0
322638.76923076925
349525.3333333333
262144.0
349525.3333333333
349525.3333333333
524288.0
0.6494843987935394
0.6955452346084459
1017.2942032500606
0.6209282663692822
2136.6805909322466
0.6678782294961993
1131.1499460625673
322638.76923076925
349525.3333333333
349525.3333333333
322638.76923076925
349525.3333333333
246723.76470588235
349525.3333333333
322638.76923076925
349525.3333333333
466033.77777777775
524288.0
161319.38461538462
466033.77777777775
0.6501033053047622
0.5965095768118234
99864.38095238095
1782.534636634084
322638.76923076925
322638.76923076925
322638.76923076925
349525.3333333333
199728.7619047619
349525.3333333333
0.6769220837489146
110376.42105263157
199728.7619047619
161319.38461538462
167772.16
0.6849151593038997
0.624542534160477
0.6929089526797642
1366.2228013029317
246723.76470588235
262144.0
199728.7619047619
199728.7619047619
209715.2
144631.1724137931
199728.7619047619
144631.1724137931
167772.16
77672.29629629629
66576.25396825396
161319.38461538462
99864.38095238095
349525.3333333333
246723.76470588235
199728.7619047619
199728.7619047619
167772.16
0.6644289358897895
199728.7619047619
0.6641627508342999
0.6670780599709649
2221.5593220338983
41527.762376237624
322638.76923076925
322638.76923076925
322638.76923076925
123361.88235294117
349525.3333333333
0.6730643261002617
77672.29629629629
113359.56756756757
144631.1724137931
76260.07272727272
349525.3333333333
246723.76470588235
199728.7619047619
349525.3333333333
349525.3333333333
0.6495889100257571
0.6504539510740242
0.5668175998568599
1586.948164964056
0.6591805693813487
199728.7619047619
199728.7619047619
199728.7619047619
82241.25490196078
199728.7619047619
0.7445417982700687
76260.07272727272
144631.1724137931
91180.52173913043
30393.507246376812
199728.7619047619
161319.38461538462
167772.16
199728.7619047619
199728.7619047619
0.5824634278640639
0.5918472947102649
0.68007454659308
0.652935873548222
47662.545454545456
322638.76923076925
199728.7619047619
66576.25396825396
246723.76470588235
144631.1724137931
199728.7619047619
52428.8
167772.16
199728.7619047619
199728.7619047619
246723.76470588235
322638.76923076925
246723.76470588235
262144.0
123361.88235294117
127100.12121212122
246723.76470588235
199728.7619047619
524288.0
466033.77777777775
322638.76923076925
524288.0
262144.0
83886.08
0.6984537215526463
0.6902220365965601
66576.25396825396
246723.76470588235
349525.3333333333
2218.034902168165
0.6702772291974227
144631.1724137931
1991.5973409306744
0.6269568934848444
0.6402282063430813
1602.7145586549484
0.6590411567612344
167772.16
99864.38095238095
0.6438208195702432
52428.8
199728.7619047619
262144.0
71089.89830508475
246723.76470588235
91180.52173913043
199728.7619047619
0.6619347705356533
246723.76470588235
0.6736601895684358
0.7264464138248286
0.6730783673464148
31300.776119402984
1329.8363982244769
30393.507246376812
31300.776119402984
199728.7619047619
199728.7619047619
71089.89830508475
55924.05333333334
0.7449416815457716
99864.38095238095
322638.76923076925
262144.0
246723.76470588235
123361.88235294117
123361.88235294117
0.615532001822101
144631.1724137931
83886.08
322638.76923076925
167772.16
322638.76923076925
322638.76923076925
246723.76470588235
167772.16
262144.0
349525.3333333333
0.6594987669493364
123361.88235294117
99864.38095238095
91180.52173913043
139810.13333333333
47662.545454545456
47662.545454545456
0.7207763060846708
167772.16
322638.76923076925
322638.76923076925
322638.76923076925
246723.76470588235
246723.76470588235
144631.1724137931
199728.7619047619
199728.7619047619
0.6583941683753222
91180.52173913043
127100.12121212122
167772.16
0.7152273205901135
55188.21052631579
167772.16
43690.666666666664
43690.666666666664
27776.847682119205
89240.51063829787
167772.16
123361.88235294117
110376.42105263157
144631.1724137931
123361.88235294117
199728.7619047619
52428.8
139810.13333333333
167772.16
167772.16
0.2766026789606349
41527.762376237624
83886.08
66576.25396825396
76260.07272727272
127100.12121212122
83886.08
349525.3333333333
144631.1724137931
161319.38461538462
199728.7619047619
123361.88235294117
99864.38095238095
262144.0
199728.7619047619
167772.16
262144.0
262144.0
199728.7619047619
0.6484760217318033
0.6491933730116412
0.6944160184237038
0.6982348955636831
167772.16
466033.77777777775
83886.08
139810.13333333333
246723.76470588235
246723.76470588235
246723.76470588235
167772.16
199728.7619047619
199728.7619047619
0.6552410327999822
0.6414525078149373
0.6255011177375024
31300.776119402984
127100.12121212122
167772.16
144631.1724137931
123361.88235294117
167772.16
209715.2
139810.13333333333
139810.13333333333
110376.42105263157
0.6869825585575787
0.6586591619931271
0.7020804950430248
59074.704225352114
1307.0439389217825
262144.0
127100.12121212122
139810.13333333333
262144.0
246723.76470588235
167772.16
349525.3333333333
246723.76470588235
199728.7619047619
246723.76470588235
246723.76470588235
262144.0
246723.76470588235
322638.76923076925
0.6841938532720986
0.6455394288421318
0.6794863300142869
966.206864777701
322638.76923076925
322638.76923076925
322638.76923076925
349525.3333333333
167772.16
349525.3333333333
349525.3333333333
199728.7619047619
322638.76923076925
262144.0
322638.76923076925
466033.77777777775
524288.0
466033.77777777775
0.6811019281062468
36792.14035087719
72315.58620689655
0.7153966453842778
62601.55223880597
349525.3333333333
466033.77777777775
524288.0
349525.3333333333
123361.88235294117
246723.76470588235
246723.76470588235
139810.13333333333
52428.8
59074.704225352114
72315.58620689655
139810.13333333333
59074.704225352114
110376.42105263157
144631.1724137931
144631.1724137931
0.6969685891679589
0.6358697959178723
45100.04301075269
0.6930645526149724
123361.88235294117
199728.7619047619
246723.76470588235
139810.13333333333
246723.76470588235
246723.76470588235
199728.7619047619
199728.7619047619
246723.76470588235
199728.7619047619
199728.7619047619
199728.7619047619
0.6737292273846422
0.600758986919328
0.6426880001961328
0.670504174920805
123361.88235294117
246723.76470588235
322638.76923076925
0.5875264868532617
110376.42105263157
99864.38095238095
91180.52173913043
123361.88235294117
144631.1724137931
144631.1724137931
139810.13333333333
83886.08
144631.1724137931
139810.13333333333
66576.25396825396
0.6535093432286444
167772.16
0.6943369289786521
0.5874184480280192
0.5831161867243494
0.673327210577374
0.6810329192388247
47127.011235955055
1129.9310344827586
322638.76923076925
246723.76470588235
246723.76470588235
110376.42105263157
246723.76470588235
246723.76470588235
167772.16
246723.76470588235
322638.76923076925
199728.7619047619
246723.76470588235
246723.76470588235
322638.76923076925
246723.76470588235
0.6797584423153157
0.6642391125496461
27060.025806451613
0.630367978064664
43240.24742268041
167772.16
2074.3343224530167
246723.76470588235
246723.76470588235
246723.76470588235
246723.76470588235
199728.7619047619
246723.76470588235
161319.38461538462
246723.76470588235
199728.7619047619
199728.7619047619
123361.88235294117
161319.38461538462
246723.76470588235
199728.7619047619
0.6827076691292169
0.6182743583030852
0.6527482928850146
0.5760063106160129
1610.0975047984646
246723.76470588235
199728.7619047619
167772.16
349525.3333333333
246723.76470588235
322638.76923076925
246723.76470588235
349525.3333333333
349525.3333333333
0.6963982019816854
0.7070185298249506
0.6745498903976082
167772.16
0.7092459591213766
199728.7619047619
322638.76923076925
322638.76923076925
167772.16
322638.76923076925
322638.76923076925
322638.76923076925
322638.76923076925
322638.76923076925
246723.76470588235
199728.7619047619
322638.76923076925
322638.76923076925
246723.76470588235
91180.52173913043
59074.704225352114
0.7045260079585176
2314.737306843267
524288.0
246723.76470588235
71089.89830508475
144631.1724137931
246723.76470588235
246723.76470588235
246723.76470588235
167772.16
246723.76470588235
199728.7619047619
246723.76470588235
466033.77777777775
0.7052827804086174
0.7120402991710612
2216.862579281184
167772.16
99864.38095238095
0.695191773000039
144631.1724137931
199728.7619047619
99864.38095238095
144631.1724137931
246723.76470588235
262144.0
246723.76470588235
2083.6085444610035
76260.07272727272
71089.89830508475
199728.7619047619
144631.1724137931
55188.21052631579
91180.52173913043
349525.3333333333
0.5529288140589297
62601.55223880597
0.6864313134011009
0.618035849375216
0.6881043034080514
1886.7764282501125
2673.2339069471
2739.5845852384064
524288.0
524288.0
199728.7619047619
262144.0
322638.76923076925
466033.77777777775
466033.77777777775
322638.76923076925
322638.76923076925
322638.76923076925
349525.3333333333
466033.77777777775
349525.3333333333
349525.3333333333
0.7031576935618122
0.6165394944007602
1043.8785465405674
55188.21052631579
199728.7619047619
1126.2900107411385
246723.76470588235
123361.88235294117
199728.7619047619
127100.12121212122
246723.76470588235
99864.38095238095
144631.1724137931
161319.38461538462
139810.13333333333
99864.38095238095
0.571470691904929
110376.42105263157
199728.7619047619
0.6275107775467962
0.6409179161928384
0.714856623176174
1526.311499272198
2251.370907139023
199728.7619047619
167772.16
322638.76923076925
144631.1724137931
199728.7619047619
262144.0
144631.1724137931
246723.76470588235
246723.76470588235
199728.7619047619
246723.76470588235
167772.16
199728.7619047619
199728.7619047619
0.6603847021021195
167772.16
246723.76470588235
45590.260869565216
41527.762376237624
49932.19047619047
199728.7619047619
199728.7619047619
144631.1724137931
0.595400389807098
167772.16
0.61545017195846
0.676073083458026
0.6859407386231874
91180.52173913043
322638.76923076925
322638.76923076925
322638.76923076925
466033.77777777775
167772.16
322638.76923076925
322638.76923076925
246723.76470588235
246723.76470588235
322638.76923076925
322638.76923076925
524288.0
349525.3333333333
466033.77777777775
0.638980435422788
0.6839065812840043
0.7003375368907033
0.6539124014213534
58254.22222222222
1470.6535764375876
246723.76470588235
199728.7619047619
83886.08
199728.7619047619
110376.42105263157
322638.76923076925
322638.76923076925
199728.7619047619
466033.77777777775
322638.76923076925
349525.3333333333
349525.3333333333
349525.3333333333
322638.76923076925
0.5997655735775654
0.6599867131047119
0.7036238700097953
89240.51063829787
199728.7619047619
199728.7619047619
349525.3333333333
246723.76470588235
144631.1724137931
199728.7619047619
144631.1724137931
246723.76470588235
246723.76470588235
199728.7619047619
199728.7619047619
262144.0
209715.2
0.665393088091723
0.6618265625682942
0.5673855419160523
21732.145077720208
1443.3255333792154
110376.42105263157
144631.1724137931
144631.1724137931
91180.52173913043
61680.94117647059
199728.7619047619
199728.7619047619
144631.1724137931
199728.7619047619
167772.16
167772.16
199728.7619047619
144631.1724137931
199728.7619047619
91180.52173913043
59074.704225352114
0.652001884668076
62601.55223880597
139810.13333333333
466033.77777777775
246723.76470588235
322638.76923076925
322638.76923076925
322638.76923076925
322638.76923076925
167772.16
246723.76470588235
167772.16
0.6092011169330095
0.6203100586027767
29537.352112676057
1189.198752480862
262144.0
199728.7619047619
99864.38095238095
91180.52173913043
91180.52173913043
21732.145077720208
123361.88235294117
123361.88235294117
99864.38095238095
99864.38095238095
139810.13333333333
91180.52173913043
99864.38095238095
139810.13333333333
0.6757131124273549
32263.876923076925
45590.260869565216
71089.89830508475
62601.55223880597
45590.260869565216
199728.7619047619
199728.7619047619
99864.38095238095
110376.42105263157
199728.7619047619
167772.16
82241.25490196078
167772.16
262144.0
167772.16
199728.7619047619
199728.7619047619
246723.76470588235
246723.76470588235
199728.7619047619
199728.7619047619
246723.76470588235
0.6321979465154687
0.6515133228235106
0.6561684199987016
0.2926464069651774
139810.13333333333
524288.0
262144.0
102300.09756097561
161319.38461538462
199728.7619047619
167772.16
199728.7619047619
199728.7619047619
110376.42105263157
167772.16
167772.16
199728.7619047619
418.92768677586895
0.6463656204028382
0.6786193604775426
0.6365295657480251
35544.94915254237
0.6746067411393112
58254.22222222222
71089.89830508475
144631.1724137931
2049.000488519785
144631.1724137931
0.6335397046837455
49932.19047619047
83886.08
199728.7619047619
113359.56756756757
1092.8358520062532
144631.1724137931
91180.52173913043
59074.704225352114
0.6217184273235079
0.7006348019538844
0.7108073009566054
0.632464298289198
62601.55223880597
45100.04301075269
0.6593631585765076
123361.88235294117
144631.1724137931
199728.7619047619
66576.25396825396
66576.25396825396
67650.06451612903
71089.89830508475
71089.89830508475
167772.16
82241.25490196078
0.7434729261817155
123361.88235294117
99864.38095238095
167772.16
55924.05333333334
55924.05333333334
59074.704225352114
58254.22222222222
55188.21052631579
110376.42105263157
55188.21052631579
55924.05333333334
199728.7619047619
139810.13333333333
167772.16
59074.704225352114
58254.22222222222
55188.21052631579
0.6781099532018406
52428.8
102300.09756097561
123361.88235294117
99864.38095238095
91180.52173913043
246723.76470588235
246723.76470588235
246723.76470588235
91180.52173913043
99864.38095238095
91180.52173913043
0.7496655883036336
32263.876923076925
55188.21052631579
110376.42105263157
55188.21052631579
59074.704225352114
246723.76470588235
199728.7619047619
199728.7619047619
55924.05333333334
55924.05333333334
59074.704225352114
55924.05333333334
58254.22222222222
59074.704225352114
113359.56756756757
55924.05333333334
55188.21052631579
246723.76470588235
167772.16
167772.16
59074.704225352114
55924.05333333334
58254.22222222222
55188.21052631579
59074.704225352114
55188.21052631579
110376.42105263157
59074.704225352114
59074.704225352114
262144.0
167772.16
199728.7619047619
55924.05333333334
58254.22222222222
55188.21052631579
58254.22222222222
55924.05333333334
62601.55223880597
113359.56756756757
59074.704225352114
55188.21052631579
262144.0
167772.16
167772.16
59074.704225352114
58254.22222222222
0.6333279075027761
22192.084656084655
110376.42105263157
32263.876923076925
25115.59281437126
113359.56756756757
262144.0
199728.7619047619
41527.762376237624
167772.16
66576.25396825396
0.6121719392490389
0.6900354682795063
0.6479298642813536
62601.55223880597
45590.260869565216
0.6155736476670144
110376.42105263157
39945.752380952385
246723.76470588235
199728.7619047619
99864.38095238095
0.6851708188047299
0.6731664085098502
0.667273862021776
82241.25490196078
27060.025806451613
34663.669421487604
123361.88235294117
199728.7619047619
246723.76470588235
167772.16
47127.011235955055
0.6636079206322962
0.717317393190049
41527.762376237624
0.7124943666232983
14266.340136054421
25731.9263803681
29330.797202797203
32263.876923076925
167772.16
167772.16
49932.19047619047
0.5709496447749983
0.6792347842759962
0.6715578709155662
91180.52173913043
35544.94915254237
45590.260869565216
47662.545454545456
139810.13333333333
167772.16
47662.545454545456
0.6943523316147951
0.667496547380067
1763.7947855340622
91180.52173913043
41527.762376237624
123361.88235294117
246723.76470588235
66576.25396825396
349525.3333333333
246723.76470588235
55924.05333333334
0.6803401778748128
110376.42105263157
144631.1724137931
89240.51063829787
0.6887170413914557
38479.85321100918
35848.75213675214
167772.16
1406.540576794098
99864.38095238095
52428.8
0.6159163330817373
0.620263550016474
0.6567273268171623
2062.0963618485744
2709.498708010336
55188.21052631579
110376.42105263157
0.6583204878061797
32263.876923076925
144631.1724137931
58254.22222222222
83886.08
0.6659660293026044
0.581703115478145
2427.259259259259
82241.25490196078
66576.25396825396
246723.76470588235
322638.76923076925
262144.0
82241.25490196078
0.6644973578084267
0.6834064675155348
43690.666666666664
0.6871415867790042
71089.89830508475
37117.734513274336
52428.8
144631.1724137931
49932.19047619047
199728.7619047619
66576.25396825396
139810.13333333333
0.7106072727432908
31300.776119402984
0.6533334413316694
0.6292201311245317
0.5514895317938152
91180.52173913043
34379.54098360656
66576.25396825396
246723.76470588235
246723.76470588235
199728.7619047619
55924.05333333334
0.6356559565239202
0.6943865876882626
0.6399246182548076
123361.88235294117
28532.680272108842
246723.76470588235
77672.29629629629
209715.2
167772.16
167772.16
55924.05333333334
0.6410975822254287
0.6050049641718488
0.6942245334144582
22671.913513513515
0.7257983939110725
21290.883248730963
144631.1724137931
139810.13333333333
144631.1724137931
52428.8
0.6343342000225041
0.713912905534075
47662.545454545456
144631.1724137931
99864.38095238095
91180.52173913043
139810.13333333333
199728.7619047619
199728.7619047619
167772.16
18558.867256637168
0.5980875135108928
0.6909776295320292
0.6982816258360792
58254.22222222222
83886.08
0.6557157257812363
91180.52173913043
66576.25396825396
110376.42105263157
45590.260869565216
0.6350835678510506
0.6268888627828679
58254.22222222222
246723.76470588235
91180.52173913043
322638.76923076925
2347.1203133743707
262144.0
62601.55223880597
0.612070456257135
0.5820785804640332
0.6513550822124776
0.6909102469849818
22671.913513513515
0.6334546435399483
47662.545454545456
23301.68888888889
91180.52173913043
19972.876190476192
199728.7619047619
167772.16
43690.666666666664
47662.545454545456
47662.545454545456
0.6659346256461194
0.6803354326394274
0.590448408417658
16980.987854251012
0.6932759094330591
39945.752380952385
43240.24742268041
52428.8
246723.76470588235
349525.3333333333
139810.13333333333
45590.260869565216
45100.04301075269
0.6728764458014366
0.6667110684613682
0.6887513091730624
0.6922365210984802
45590.260869565216
11491.243835616438
99864.38095238095
37117.734513274336
39945.752380952385
144631.1724137931
139810.13333333333
144631.1724137931
246723.76470588235
66576.25396825396
0.7087472743765031
0.6566691314763291
91180.52173913043
199728.7619047619
19599.551401869157
99864.38095238095
83886.08
167772.16
91180.52173913043
1703.61657189277
0.6577038922459917
0.5889773726351513
43240.24742268041
38479.85321100918
1317.7203895695884
144631.1724137931
199728.7619047619
144631.1724137931
43240.24742268041
167772.16
199728.7619047619
2041.0238442822385
0.51793993394213
0.3535496713929083
35544.94915254237
2216.862579281184
0.5807888851101729
66576.25396825396
127100.12121212122
167772.16
167772.16
167772.16
1033.079802955665
0.6171475723315452
0.6909895822007132
0.772929596266619
99864.38095238095
38479.85321100918
246723.76470588235
167772.16
167772.16
49932.19047619047
0.6861878467500546
0.6622810438712811
52428.8
144631.1724137931
77672.29629629629
322638.76923076925
1995.3872502378688
144631.1724137931
82241.25490196078
0.6507124893921694
0.6362500314764694
0.666474291910472
0.6971503510015615
34379.54098360656
2221.5593220338983
91180.52173913043
322638.76923076925
322638.76923076925
2639.5871617369417
246723.76470588235
91180.52173913043
0.6212325877897691
0.6775297253909688
0.6991393408397298
0.674285725309411
91180.52173913043
38479.85321100918
246723.76470588235
1968.2327545753167
0.6790456425153434
144631.1724137931
113359.56756756757
45590.260869565216
0.6060645994339183
0.7187166713732285
24966.095238095237
29537.352112676057
33554.432
246723.76470588235
31300.776119402984
349525.3333333333
62601.55223880597
0.6739352346013184
0.6026155123311714
55188.21052631579
1633.9322165952474
82241.25490196078
349525.3333333333
76260.07272727272
2132.3355363497712
262144.0
83886.08
0.6629514152212349
0.6548205915377208
0.605214393996893
66576.25396825396
34379.54098360656
199728.7619047619
62601.55223880597
199728.7619047619
43240.24742268041
0.6461596955597534
0.6309690057813573
32263.876923076925
1032.0629921259842
26379.270440251574
144631.1724137931
27776.847682119205
32263.876923076925
66576.25396825396
31300.776119402984
0.6062685415976461
89240.51063829787
7194.346483704974
0.5788788836866253
15827.562264150944
37117.734513274336
91180.52173913043
0.6271577920203021
45590.260869565216
246723.76470588235
199728.7619047619
110376.42105263157
161319.38461538462
83886.08
0.70419953896238
0.5876797677249881
0.6398059182486758
38479.85321100918
199728.7619047619
58254.22222222222
322638.76923076925
246723.76470588235
76260.07272727272
524288.0
322638.76923076925
1589.3535430087154
0.6185638589924098
0.6691501388138618
17848.102127659575
38130.03636363636
32263.876923076925
62601.55223880597
349525.3333333333
199728.7619047619
110376.42105263157
13706.875816993464
123361.88235294117
45100.04301075269
0.7008077083928924
0.6644597766410999
0.602467409292063
83886.08
37117.734513274336
139810.13333333333
29330.797202797203
113359.56756756757
0.6652234974675283
27776.847682119205
0.6921258323596035
0.6904322312678275
29330.797202797203
66576.25396825396
45590.260869565216
66576.25396825396
349525.3333333333
322638.76923076925
55924.05333333334
144631.1724137931
41943.04
0.626763522556173
0.6030265309567127
47662.545454545456
113359.56756756757
49932.19047619047
167772.16
167772.16
49932.19047619047
199728.7619047619
83886.08
0.6515638262572686
0.5747707627055352
0.635136845867064
39945.752380952385
83886.08
83886.08
322638.76923076925
246723.76470588235
66576.25396825396
246723.76470588235
77672.29629629629
0.7011973824530466
0.6514292352799933
32263.876923076925
2109.810865191147
47127.011235955055
199728.7619047619
1769.748523206751
199728.7619047619
199728.7619047619
45100.04301075269
0.707098985165653
0.6857538985733298
0.7238659995754456
2136.6805909322466
91180.52173913043
43690.666666666664
199728.7619047619
262144.0
199728.7619047619
53092.45569620253
0.6681704988899679
0.7009211916868817
0.7143458835523477
1149.4392984379283
27060.025806451613
22795.130434782608
62601.55223880597
62601.55223880597
91180.52173913043
35544.94915254237
0.7006480273944548
0.6265762613825746
24966.095238095237
1300.1562306261624
45590.260869565216
43240.24742268041
62601.55223880597
76260.07272727272
167772.16
43690.666666666664
0.6051231489284224
0.6677987960113297
0.6626536422691193
17848.102127659575
58254.22222222222
30174.84892086331
144631.1724137931
0.6869188778779839
83886.08
33288.12698412698
0.6811200673730596
0.6674817820440044
28532.680272108842
58254.22222222222
49932.19047619047
199728.7619047619
1470.6535764375876
58254.22222222222
0.6730159422936274
99864.38095238095
59074.704225352114
0.6269289672504924
52428.8
0.674472115879869
110376.42105263157
32263.876923076925
40329.846153846156
0.6946919378844006
25575.024390243903
144631.1724137931
52428.8
49932.19047619047
0.6314196262128242
0.6452199649877396
49932.19047619047
71089.89830508475
49932.19047619047
47662.545454545456
199728.7619047619
161319.38461538462
52428.8
0.6328457223695503
0.6757281353188483
30393.507246376812
123361.88235294117
55188.21052631579
167772.16
0.6801375159785867
71089.89830508475
43240.24742268041
0.6048575161943405
0.6265436893667976
0.7446964640844936
41527.762376237624
41943.04
246723.76470588235
43240.24742268041
43240.24742268041
45100.04301075269
199728.7619047619
47662.545454545456
0.5987116784137831
0.6346115729388798
0.6700005590920345
27776.847682119205
37117.734513274336
47662.545454545456
262144.0
39945.752380952385
45100.04301075269
199728.7619047619
199728.7619047619
41527.762376237624
0.6930400458556351
0.6457020130310279
30393.507246376812
47662.545454545456
33288.12698412698
349525.3333333333
0.27771891043287306
139810.13333333333
45590.260869565216
0.6602612014308715
0.646644345640732
38479.85321100918
45590.260869565216
33288.12698412698
167772.16
144631.1724137931
28532.680272108842
0.6640331023581757
0.6272199719640731
45590.260869565216
32263.876923076925
49932.19047619047
47662.545454545456
167772.16
22192.084656084655
144631.1724137931
55188.21052631579
38479.85321100918
0.6749031928459654
0.5450256113583734
0.6679303447235815
24385.488372093023
41527.762376237624
49932.19047619047
246723.76470588235
246723.76470588235
161319.38461538462
28532.680272108842
0.6499694176996749
0.6996250588399743
45590.260869565216
0.6603474807066245
2357.6750983698707
49932.19047619047
49932.19047619047
246723.76470588235
167772.16
47662.545454545456
0.6790069474180098
0.683603728939637
0.7267579501366515
83886.08
38479.85321100918
76260.07272727272
246723.76470588235
246723.76470588235
41943.04
199728.7619047619
1938.2181146025878
0.66006035164472
13706.875816993464
0.7052474408469082
31300.776119402984
29330.797202797203
199728.7619047619
139810.13333333333
37117.734513274336
0.6817213109425081
0.640310990888061
0.6632952917671
0.6784568990296699
59074.704225352114
246723.76470588235
71089.89830508475
524288.0
66576.25396825396
144631.1724137931
246723.76470588235
71089.89830508475
0.6989511826150078
0.6383021723223993
20867.18407960199
47662.545454545456
45590.260869565216
199728.7619047619
39945.752380952385
167772.16
35848.75213675214
0.6598678251851438
0.5979323361863976
0.6040335688135042
